# This file may be used to create an environment using:
# $ conda create --name <env> --file <this file>
# platform: win-64
absl-py=2.3.1=pypi_0
bzip2=1.0.8=h2bbff1b_6
ca-certificates=2025.2.25=haa95532_0
certifi=2025.7.14=pypi_0
charset-normalizer=3.4.2=pypi_0
colorama=0.4.6=pypi_0
contourpy=1.3.2=pypi_0
cycler=0.12.1=pypi_0
einops=0.8.1=pypi_0
expat=2.7.1=h8ddb27b_0
filelock=3.13.1=pypi_0
fonttools=4.58.5=pypi_0
fsspec=2024.6.1=pypi_0
grpcio=1.73.1=pypi_0
huggingface-hub=0.33.4=pypi_0
idna=3.10=pypi_0
jinja2=3.1.4=pypi_0
kiwisolver=1.4.8=pypi_0
libffi=3.4.4=hd77b12b_1
libmpdec=4.0.0=h827c3e9_0
markdown=3.8.2=pypi_0
markupsafe=2.1.5=pypi_0
matplotlib=3.10.3=pypi_0
ml-collections=1.1.0=pypi_0
mpmath=1.3.0=pypi_0
networkx=3.3=pypi_0
numpy=2.1.2=pypi_0
openssl=3.0.16=h3f729d1_0
packaging=25.0=pypi_0
pillow=11.0.0=pypi_0
pip=25.1=pyhc872135_2
protobuf=6.31.1=pypi_0
pyparsing=3.2.3=pypi_0
python=3.13.5=h286a616_100_cp313
python-dateutil=2.9.0.post0=pypi_0
python_abi=3.13=0_cp313
pyyaml=6.0.2=pypi_0
requests=2.32.4=pypi_0
safetensors=0.5.3=pypi_0
segmentation-models-pytorch=0.5.0=pypi_0
setuptools=78.1.1=py313haa95532_0
six=1.17.0=pypi_0
sqlite=3.45.3=h2bbff1b_0
sympy=1.13.3=pypi_0
tensorboard=2.19.0=pypi_0
tensorboard-data-server=0.7.2=pypi_0
timm=1.0.17=pypi_0
tk=8.6.14=h5e9d12e_1
torch=2.7.1+cu126=pypi_0
torchvision=0.22.1+cu126=pypi_0
tqdm=4.67.1=pypi_0
typing-extensions=4.12.2=pypi_0
tzdata=2025b=h04d1e81_0
ucrt=10.0.22621.0=haa95532_0
urllib3=2.5.0=pypi_0
vc=14.3=h2df5915_10
vc14_runtime=14.44.35208=h4927774_10
vs2015_runtime=14.44.35208=ha6b5a95_10
werkzeug=3.1.3=pypi_0
wheel=0.45.1=py313haa95532_0
xz=5.6.4=h4754444_1
zlib=1.2.13=h8cc25b3_1
